NTIMES: 10000
V_SIZE: 100009
threads_num: 4

  COPY: 6997.01MB/s
COPY_V: 14251.5MB/s
COPY_V_OMP: 17060.5MB/s
COPY_OMP: 15942MB/s
copy mx diff: 0

   FMA: 6270.72MB/s
 FMA_V: 10309.7MB/s
 FMA_V_OMP: 12342MB/s
 FMA_OMP: 11906.1MB/s
 fma mx diff: 0

  NORM: 0.000163065s
NORM_V: 3.95892e-05s
NORM_V_OMP: 2.89923e-05s
NORM_OMP: 2.88625e-05s
norm  : 2.06688e+06
norm_v: 2.06688e+06
norm diff: 16.125

