node: lc4anode
NTIMES: 10000
V_SIZE: 1000009
threads_num: 4

  COPY: 6837.16MB/s
COPY_V: 7077.22MB/s
COPY_V_OMP: 7988.68MB/s
COPY_OMP: 7987.04MB/s
copy mx diff: 0

   FMA: 5440.11MB/s
 FMA_V: 5831.21MB/s
 FMA_V_OMP: 6068.94MB/s
 FMA_OMP: 5939.1MB/s
 fma mx diff: 0

  NORM: 0.00163906s
NORM_V: 0.00105244s
NORM_V_OMP: 0.000953226s
NORM_OMP: 0.00095356s
norm  : 2.06651e+07
norm_v: 2.06651e+07
norm diff: 120

